* LIGAND DATABASE FILE (OPLS2005)
*
2TT      36    38    64     109       0
    1     0 M   CA   _C9_     6   45.829413   63.060144  -98.049630
    2     1 M   CA   _C8_     6    1.396923   41.483380 -116.953438
    3     2 M   CA   _C16     6    1.400317  119.610600  105.547955
    4     1 M   CA   _C10     6    1.392760  120.615994  -17.534489
    5     1 M   HA   _H6_     6    1.081642  103.734612  120.942348
    6     4 M   NB   _N2_     6    1.356051  122.655143  -49.165456
    7     4 M   HA   _H7_     6    1.080616  121.076107  131.143144
    8     6 M   CA   _C11     6    1.364452  118.970604    1.441531
    9     3 M   HA   _H14     6    1.081952  120.273464  178.786571
   10     2 S    N   _N1_     6    1.393961  118.502869  -77.257197
   11    10 S    C   _C7_     6    1.350204  125.905498  129.825585
   12    10 S    H   _H5_     6    1.007707  116.464335  -46.357063
   13    11 S   CA   _C1_     6    1.511921  114.767959  178.338695
   14    11 S    O   _O1_     6    1.232812  123.461717   -1.245308
   15    13 S   CA   _C2_     6    1.412311  121.835969 -143.357712
   16    13 S   CA   _C4_     6    1.406546  119.864163   34.150851
   17    15 S   Cl   _CL1     6    1.737112  123.196886   -7.704859
   18    15 S   CA   _C5_     6    1.396181  120.208924  173.670865
   19    16 S   CA   _C6_     6    1.393385  121.123075 -175.679402
   20    16 S   HA   _H2_     6    1.080419  121.109365    4.321708
   21    18 S   CA   _C3_     6    1.393621  120.372417    3.230395
   22    18 S   HA   _H3_     6    1.081457  119.735440  179.788818
   23    19 S   HA   _H4_     6    1.081779  120.270936 -179.544670
   24    21 S   HA   _H1_     6    1.080367  120.229338  178.029563
   25     8 S    N   _N3_     6    1.404422  122.094473 -179.661127
   26    25 S    C   _C12     6    1.349147  128.788556   10.690177
   27    25 S    H   _H8_     6    1.008586  114.912627 -174.689788
   28    26 S    O   _O2_     6    1.232517  124.702126   -1.923067
   29    26 S  C3T   _C13     6    1.539349  115.225435  176.747059
   30    29 S  C3T   _C14     6    1.520966  115.422250 -144.482169
   31    29 S  C3T   _C15     6    1.518853  116.336489  148.473520
   32    29 S   HC   _H9_     6    1.091525  116.177026    0.736270
   33    30 S   HC   _H10     6    1.091269  117.775495  142.077160
   34    30 S   HC   _H11     6    1.091137  119.959163    0.863484
   35    31 S   HC   _H12     6    1.091576  120.137242   -1.879152
   36    31 S   HC   _H13     6    1.090006  118.025054 -144.107342
NBON
     1   3.5500   0.0700  -0.447000   2.5000   1.7750   0.001000000  -0.843144165
     2   3.5500   0.0700   0.377000   2.5000   1.7750   0.001000000  -0.843144165
     3   3.5500   0.0700  -0.447000   2.5000   1.7750   0.001000000  -0.843144165
     4   3.5500   0.0700   0.473000   2.5000   1.7750   0.001000000  -0.843144165
     5   2.4200   0.0300   0.155000   1.3810   1.2100   0.030040813   0.268726247
     6   3.2500   0.1700  -0.678000   1.8100   1.6000   0.054801302  -1.445846770
     7   2.4200   0.0300   0.012000   1.3810   1.2100   0.030040813   0.268726247
     8   3.5500   0.0700   0.570000   2.5000   1.7750   0.001000000  -0.843144165
     9   2.4200   0.0300   0.155000   1.3810   1.2100   0.030040813   0.268726247
    10   3.2500   0.1700  -0.385000   1.8100   1.6000   0.054801302  -1.445846770
    11   3.7500   0.1050   0.615000   2.1120   1.8750   0.001000000  -0.126889456
    12   0.5000   0.0300   0.300000   1.5900   1.4000   0.030040813  -0.651083722
    13   3.5500   0.0700  -0.115000   2.5000   1.7750   0.001000000  -0.843144165
    14   2.9600   0.2100  -0.500000   1.8100   1.6000   0.001000000  -1.480495490
    15   3.5500   0.0700   0.180000   2.5000   1.7750   0.001000000  -0.843144165
    16   3.5500   0.0700  -0.115000   2.5000   1.7750   0.001000000  -0.843144165
    17   3.4000   0.3000  -0.180000   2.1950   1.9500   0.001000000   0.320982824
    18   3.5500   0.0700  -0.115000   2.5000   1.7750   0.001000000  -0.843144165
    19   3.5500   0.0700  -0.115000   2.5000   1.7750   0.001000000  -0.843144165
    20   2.4200   0.0300   0.115000   1.3810   1.2100   0.030040813   0.268726247
    21   3.5500   0.0700  -0.115000   2.5000   1.7750   0.001000000  -0.843144165
    22   2.4200   0.0300   0.115000   1.3810   1.2100   0.030040813   0.268726247
    23   2.4200   0.0300   0.115000   1.3810   1.2100   0.030040813   0.268726247
    24   2.4200   0.0300   0.115000   1.3810   1.2100   0.030040813   0.268726247
    25   3.2500   0.1700  -0.385000   1.8100   1.6000   0.054801302  -1.445846770
    26   3.7500   0.1050   0.500000   2.1120   1.8750   0.001000000  -0.126889456
    27   0.5000   0.0300   0.300000   1.5900   1.4000   0.030040813  -0.651083722
    28   2.9600   0.2100  -0.500000   1.8100   1.6000   0.001000000  -1.480495490
    29   3.5000   0.0660  -0.060000   1.9750   1.7500   0.005000000  -0.741685710
    30   3.5000   0.0660  -0.120000   1.9750   1.7500   0.005000000  -0.741685710
    31   3.5000   0.0660  -0.120000   1.9750   1.7500   0.005000000  -0.741685710
    32   2.5000   0.0300   0.060000   1.4250   1.2500   0.008598240   0.268726247
    33   2.5000   0.0300   0.060000   1.4250   1.2500   0.008598240   0.268726247
    34   2.5000   0.0300   0.060000   1.4250   1.2500   0.008598240   0.268726247
    35   2.5000   0.0300   0.060000   1.4250   1.2500   0.008598240   0.268726247
    36   2.5000   0.0300   0.060000   1.4250   1.2500   0.008598240   0.268726247
BOND
    13    15   469.000  1.400
    13    16   469.000  1.400
    13    11   400.000  1.490
    15    17   300.000  1.725
    15    18   469.000  1.400
    21    18   469.000  1.400
    21    19   469.000  1.400
    21    24   367.000  1.080
    16    19   469.000  1.400
    16    20   367.000  1.080
    18    22   367.000  1.080
    19    23   367.000  1.080
    11    14   570.000  1.229
    11    10   490.000  1.335
    10     2   360.000  1.404
    10    12   434.000  1.010
     2     1   469.000  1.400
     2     3   469.000  1.400
     1     4   469.000  1.400
     1     5   367.000  1.080
     4     6   483.000  1.339
     4     7   367.000  1.080
     6     8   483.000  1.339
     8    25   360.000  1.404
     8     3   469.000  1.400
    25    26   490.000  1.335
    25    27   434.000  1.010
    26    28   570.000  1.229
    26    29   295.000  1.481
    29    30   260.000  1.509
    29    31   260.000  1.509
    29    32   340.000  1.088
    30    31   260.000  1.509
    30    33   340.000  1.088
    30    34   340.000  1.088
    31    35   340.000  1.088
    31    36   340.000  1.088
     3     9   367.000  1.080
THET
    15    13    16    63.00000  120.00000
    15    13    11    85.00000  120.00000
    16    13    11    85.00000  120.00000
    13    15    17    75.00000  120.00000
    13    15    18    63.00000  120.00000
    17    15    18    75.00000  120.00000
    18    21    19    63.00000  120.00000
    18    21    24    35.00000  120.00000
    19    21    24    35.00000  120.00000
    13    16    19    63.00000  120.00000
    13    16    20    35.00000  120.00000
    19    16    20    35.00000  120.00000
    15    18    21    63.00000  120.00000
    15    18    22    35.00000  120.00000
    21    18    22    35.00000  120.00000
    21    19    16    63.00000  120.00000
    21    19    23    35.00000  120.00000
    16    19    23    35.00000  120.00000
    13    11    14    80.00000  120.40000
    13    11    10    75.00000  113.92100
    14    11    10    80.00000  122.90000
    11    10     2    65.00000  121.96500
    11    10    12    35.00000  119.80000
     2    10    12    45.00000  118.23600
    10     2     1    70.00000  119.01900
    10     2     3    70.00000  119.01900
     1     2     3    63.00000  120.00000
     2     1     4    63.00000  120.00000
     2     1     5    35.00000  120.00000
     4     1     5    35.00000  120.00000
     1     4     6    70.00000  124.00000
     1     4     7    35.00000  120.00000
     6     4     7    35.00000  116.00000
     4     6     8    70.00000  117.00000
     6     8    25    75.00000  123.00000
     6     8     3    70.00000  124.00000
    25     8     3    70.00000  119.01900
     8    25    26    65.00000  121.96500
     8    25    27    45.00000  118.23600
    26    25    27    35.00000  119.80000
    25    26    28    80.00000  122.90000
    25    26    29    75.00000  114.51300
    28    26    29    75.00000  122.66600
    26    29    30    65.00000  116.19300
    26    29    31    65.00000  116.19300
    26    29    32    40.00000  115.44000
    30    29    31    10.00000   60.00500
    30    29    32    37.50000  117.20000
    31    29    32    37.50000  117.20000
    29    30    31    10.00000   60.00500
    29    30    33    37.50000  117.20000
    29    30    34    37.50000  117.20000
    31    30    33    37.50000  117.20000
    31    30    34    37.50000  117.20000
    33    30    34    35.00000  114.30000
    29    31    30    10.00000   60.00500
    29    31    35    37.50000  117.20000
    29    31    36    37.50000  117.20000
    30    31    35    37.50000  117.20000
    30    31    36    37.50000  117.20000
    35    31    36    35.00000  114.30000
     2     3     8    63.00000  120.00000
     2     3     9    35.00000  120.00000
     8     3     9    35.00000  120.00000
PHI
   16    13    15    17   0.00000  1.0 1.0
   16    13    15    17   3.62500 -1.0 2.0
   16    13    15    17   0.00000  1.0 3.0
   16    13    15    17   0.00000 -1.0 4.0
   16    13    15    18   0.00000  1.0 1.0
   16    13    15    18   3.62500 -1.0 2.0
   16    13    15    18   0.00000  1.0 3.0
   16    13    15    18   0.00000 -1.0 4.0
   11    13    15    17   0.00000  1.0 1.0
   11    13    15    17   3.62500 -1.0 2.0
   11    13    15    17   0.00000  1.0 3.0
   11    13    15    17   0.00000 -1.0 4.0
   11    13    15    18   0.00000  1.0 1.0
   11    13    15    18   3.62500 -1.0 2.0
   11    13    15    18   0.00000  1.0 3.0
   11    13    15    18   0.00000 -1.0 4.0
   15    13    16    19   0.00000  1.0 1.0
   15    13    16    19   3.62500 -1.0 2.0
   15    13    16    19   0.00000  1.0 3.0
   15    13    16    19   0.00000 -1.0 4.0
   15    13    16    20   0.00000  1.0 1.0
   15    13    16    20   3.62500 -1.0 2.0
   15    13    16    20   0.00000  1.0 3.0
   15    13    16    20   0.00000 -1.0 4.0
   11    13    16    19   0.00000  1.0 1.0
   11    13    16    19   3.62500 -1.0 2.0
   11    13    16    19   0.00000  1.0 3.0
   11    13    16    19   0.00000 -1.0 4.0
   11    13    16    20   0.00000  1.0 1.0
   11    13    16    20   3.62500 -1.0 2.0
   11    13    16    20   0.00000  1.0 3.0
   11    13    16    20   0.00000 -1.0 4.0
   15    13    11    14   0.00000  1.0 1.0
   15    13    11    14   1.05000 -1.0 2.0
   15    13    11    14   0.00000  1.0 3.0
   15    13    11    14   0.00000 -1.0 4.0
   15    13    11    10   0.75700  1.0 1.0
   15    13    11    10   0.34650 -1.0 2.0
   15    13    11    10   0.33000  1.0 3.0
   15    13    11    10  -0.28100 -1.0 4.0
   16    13    11    14   0.00000  1.0 1.0
   16    13    11    14   1.05000 -1.0 2.0
   16    13    11    14   0.00000  1.0 3.0
   16    13    11    14   0.00000 -1.0 4.0
   16    13    11    10   0.75700  1.0 1.0
   16    13    11    10   0.34650 -1.0 2.0
   16    13    11    10   0.33000  1.0 3.0
   16    13    11    10  -0.28100 -1.0 4.0
   13    15    18    21   0.00000  1.0 1.0
   13    15    18    21   3.62500 -1.0 2.0
   13    15    18    21   0.00000  1.0 3.0
   13    15    18    21   0.00000 -1.0 4.0
   13    15    18    22   0.00000  1.0 1.0
   13    15    18    22   3.62500 -1.0 2.0
   13    15    18    22   0.00000  1.0 3.0
   13    15    18    22   0.00000 -1.0 4.0
   17    15    18    21   0.00000  1.0 1.0
   17    15    18    21   3.62500 -1.0 2.0
   17    15    18    21   0.00000  1.0 3.0
   17    15    18    21   0.00000 -1.0 4.0
   17    15    18    22   0.00000  1.0 1.0
   17    15    18    22   3.62500 -1.0 2.0
   17    15    18    22   0.00000  1.0 3.0
   17    15    18    22   0.00000 -1.0 4.0
   19    21   -18    15   0.00000  1.0 1.0
   19    21   -18    15   3.62500 -1.0 2.0
   19    21   -18    15   0.00000  1.0 3.0
   19    21   -18    15   0.00000 -1.0 4.0
   19    21    18    22   0.00000  1.0 1.0
   19    21    18    22   3.62500 -1.0 2.0
   19    21    18    22   0.00000  1.0 3.0
   19    21    18    22   0.00000 -1.0 4.0
   24    21    18    15   0.00000  1.0 1.0
   24    21    18    15   3.62500 -1.0 2.0
   24    21    18    15   0.00000  1.0 3.0
   24    21    18    15   0.00000 -1.0 4.0
   24    21    18    22   0.00000  1.0 1.0
   24    21    18    22   3.62500 -1.0 2.0
   24    21    18    22   0.00000  1.0 3.0
   24    21    18    22   0.00000 -1.0 4.0
   18    21   -19    16   0.00000  1.0 1.0
   18    21   -19    16   3.62500 -1.0 2.0
   18    21   -19    16   0.00000  1.0 3.0
   18    21   -19    16   0.00000 -1.0 4.0
   18    21    19    23   0.00000  1.0 1.0
   18    21    19    23   3.62500 -1.0 2.0
   18    21    19    23   0.00000  1.0 3.0
   18    21    19    23   0.00000 -1.0 4.0
   24    21    19    16   0.00000  1.0 1.0
   24    21    19    16   3.62500 -1.0 2.0
   24    21    19    16   0.00000  1.0 3.0
   24    21    19    16   0.00000 -1.0 4.0
   24    21    19    23   0.00000  1.0 1.0
   24    21    19    23   3.62500 -1.0 2.0
   24    21    19    23   0.00000  1.0 3.0
   24    21    19    23   0.00000 -1.0 4.0
   13    16   -19    21   0.00000  1.0 1.0
   13    16   -19    21   3.62500 -1.0 2.0
   13    16   -19    21   0.00000  1.0 3.0
   13    16   -19    21   0.00000 -1.0 4.0
   13    16    19    23   0.00000  1.0 1.0
   13    16    19    23   3.62500 -1.0 2.0
   13    16    19    23   0.00000  1.0 3.0
   13    16    19    23   0.00000 -1.0 4.0
   20    16    19    21   0.00000  1.0 1.0
   20    16    19    21   3.62500 -1.0 2.0
   20    16    19    21   0.00000  1.0 3.0
   20    16    19    21   0.00000 -1.0 4.0
   20    16    19    23   0.00000  1.0 1.0
   20    16    19    23   3.62500 -1.0 2.0
   20    16    19    23   0.00000  1.0 3.0
   20    16    19    23   0.00000 -1.0 4.0
   13    11    10     2   0.76000  1.0 1.0
   13    11    10     2   4.11600 -1.0 2.0
   13    11    10     2   0.00000  1.0 3.0
   13    11    10     2   0.00000 -1.0 4.0
   13    11    10    12   0.00000  1.0 1.0
   13    11    10    12   2.56700 -1.0 2.0
   13    11    10    12   0.00000  1.0 3.0
   13    11    10    12   0.00000 -1.0 4.0
   14    11    10     2   0.00000  1.0 1.0
   14    11    10     2   0.04000 -1.0 2.0
   14    11    10     2   0.00000  1.0 3.0
   14    11    10     2   0.00000 -1.0 4.0
   14    11    10    12   0.00000  1.0 1.0
   14    11    10    12   2.45000 -1.0 2.0
   14    11    10    12   0.00000  1.0 3.0
   14    11    10    12   0.00000 -1.0 4.0
   11    10     2     1   1.00100  1.0 1.0
   11    10     2     1   0.85050 -1.0 2.0
   11    10     2     1   0.00000  1.0 3.0
   11    10     2     1   0.00000 -1.0 4.0
   11    10     2     3   1.00100  1.0 1.0
   11    10     2     3   0.85050 -1.0 2.0
   11    10     2     3   0.00000  1.0 3.0
   11    10     2     3   0.00000 -1.0 4.0
   12    10     2     1   0.00000  1.0 1.0
   12    10     2     1   0.97800 -1.0 2.0
   12    10     2     1   0.00000  1.0 3.0
   12    10     2     1   0.00000 -1.0 4.0
   12    10     2     3   0.00000  1.0 1.0
   12    10     2     3   0.97800 -1.0 2.0
   12    10     2     3   0.00000  1.0 3.0
   12    10     2     3   0.00000 -1.0 4.0
   10     2     1     4   0.00000  1.0 1.0
   10     2     1     4   3.62500 -1.0 2.0
   10     2     1     4   0.00000  1.0 3.0
   10     2     1     4   0.00000 -1.0 4.0
   10     2     1     5   0.00000  1.0 1.0
   10     2     1     5   3.62500 -1.0 2.0
   10     2     1     5   0.00000  1.0 3.0
   10     2     1     5   0.00000 -1.0 4.0
    3     2     1     4   0.00000  1.0 1.0
    3     2     1     4   3.62500 -1.0 2.0
    3     2     1     4   0.00000  1.0 3.0
    3     2     1     4   0.00000 -1.0 4.0
    3     2     1     5   0.00000  1.0 1.0
    3     2     1     5   3.62500 -1.0 2.0
    3     2     1     5   0.00000  1.0 3.0
    3     2     1     5   0.00000 -1.0 4.0
   10     2     3     8   0.00000  1.0 1.0
   10     2     3     8   3.62500 -1.0 2.0
   10     2     3     8   0.00000  1.0 3.0
   10     2     3     8   0.00000 -1.0 4.0
   10     2     3     9   0.00000  1.0 1.0
   10     2     3     9   3.62500 -1.0 2.0
   10     2     3     9   0.00000  1.0 3.0
   10     2     3     9   0.00000 -1.0 4.0
    1     2     3     8   0.00000  1.0 1.0
    1     2     3     8   3.62500 -1.0 2.0
    1     2     3     8   0.00000  1.0 3.0
    1     2     3     8   0.00000 -1.0 4.0
    1     2     3     9   0.00000  1.0 1.0
    1     2     3     9   3.62500 -1.0 2.0
    1     2     3     9   0.00000  1.0 3.0
    1     2     3     9   0.00000 -1.0 4.0
    2     1     4     6   0.00000  1.0 1.0
    2     1     4     6   3.62500 -1.0 2.0
    2     1     4     6   0.00000  1.0 3.0
    2     1     4     6   0.00000 -1.0 4.0
    2     1     4     7   0.00000  1.0 1.0
    2     1     4     7   3.62500 -1.0 2.0
    2     1     4     7   0.00000  1.0 3.0
    2     1     4     7   0.00000 -1.0 4.0
    5     1     4     6   0.00000  1.0 1.0
    5     1     4     6   3.62500 -1.0 2.0
    5     1     4     6   0.00000  1.0 3.0
    5     1     4     6   0.00000 -1.0 4.0
    5     1     4     7   0.00000  1.0 1.0
    5     1     4     7   3.62500 -1.0 2.0
    5     1     4     7   0.00000  1.0 3.0
    5     1     4     7   0.00000 -1.0 4.0
    1     4    -6     8   0.00000  1.0 1.0
    1     4    -6     8   3.62500 -1.0 2.0
    1     4    -6     8   0.00000  1.0 3.0
    1     4    -6     8   0.00000 -1.0 4.0
    7     4     6     8   0.00000  1.0 1.0
    7     4     6     8   3.62500 -1.0 2.0
    7     4     6     8   0.00000  1.0 3.0
    7     4     6     8   0.00000 -1.0 4.0
    4     6     8    25   0.00000  1.0 1.0
    4     6     8    25   3.62500 -1.0 2.0
    4     6     8    25   0.00000  1.0 3.0
    4     6     8    25   0.00000 -1.0 4.0
    4     6    -8     3   0.00000  1.0 1.0
    4     6    -8     3   3.62500 -1.0 2.0
    4     6    -8     3   0.00000  1.0 3.0
    4     6    -8     3   0.00000 -1.0 4.0
    6     8    25    26   0.00000  1.0 1.0
    6     8    25    26   0.96250 -1.0 2.0
    6     8    25    26   0.00000  1.0 3.0
    6     8    25    26   0.00000 -1.0 4.0
    6     8    25    27   0.00000  1.0 1.0
    6     8    25    27   0.96250 -1.0 2.0
    6     8    25    27   0.00000  1.0 3.0
    6     8    25    27   0.00000 -1.0 4.0
    3     8    25    26   1.00100  1.0 1.0
    3     8    25    26   0.85050 -1.0 2.0
    3     8    25    26   0.00000  1.0 3.0
    3     8    25    26   0.00000 -1.0 4.0
    3     8    25    27   0.00000  1.0 1.0
    3     8    25    27   0.97800 -1.0 2.0
    3     8    25    27   0.00000  1.0 3.0
    3     8    25    27   0.00000 -1.0 4.0
    6     8    -3     2   0.00000  1.0 1.0
    6     8    -3     2   3.62500 -1.0 2.0
    6     8    -3     2   0.00000  1.0 3.0
    6     8    -3     2   0.00000 -1.0 4.0
    6     8     3     9   0.00000  1.0 1.0
    6     8     3     9   3.62500 -1.0 2.0
    6     8     3     9   0.00000  1.0 3.0
    6     8     3     9   0.00000 -1.0 4.0
   25     8     3     2   0.00000  1.0 1.0
   25     8     3     2   3.62500 -1.0 2.0
   25     8     3     2   0.00000  1.0 3.0
   25     8     3     2   0.00000 -1.0 4.0
   25     8     3     9   0.00000  1.0 1.0
   25     8     3     9   3.62500 -1.0 2.0
   25     8     3     9   0.00000  1.0 3.0
   25     8     3     9   0.00000 -1.0 4.0
    8    25    26    28   0.00000  1.0 1.0
    8    25    26    28   0.04000 -1.0 2.0
    8    25    26    28   0.00000  1.0 3.0
    8    25    26    28   0.00000 -1.0 4.0
    8    25    26    29   0.76000  1.0 1.0
    8    25    26    29   4.11600 -1.0 2.0
    8    25    26    29   0.00000  1.0 3.0
    8    25    26    29   0.00000 -1.0 4.0
   27    25    26    28   0.00000  1.0 1.0
   27    25    26    28   2.45000 -1.0 2.0
   27    25    26    28   0.00000  1.0 3.0
   27    25    26    28   0.00000 -1.0 4.0
   27    25    26    29   0.00000  1.0 1.0
   27    25    26    29   2.45000 -1.0 2.0
   27    25    26    29   0.00000  1.0 3.0
   27    25    26    29   0.00000 -1.0 4.0
   25    26    29    30   1.39750  1.0 1.0
   25    26    29    30  -0.07950 -1.0 2.0
   25    26    29    30  -0.18750  1.0 3.0
   25    26    29    30   0.00000 -1.0 4.0
   25    26    29    31   1.39750  1.0 1.0
   25    26    29    31  -0.07950 -1.0 2.0
   25    26    29    31  -0.18750  1.0 3.0
   25    26    29    31   0.00000 -1.0 4.0
   25    26    29    32   0.00000  1.0 1.0
   28    26    29    30   0.00000  1.0 1.0
   28    26    29    30   0.30150 -1.0 2.0
   28    26    29    30   0.00000  1.0 3.0
   28    26    29    30   0.00000 -1.0 4.0
   28    26    29    31   0.00000  1.0 1.0
   28    26    29    31   0.30150 -1.0 2.0
   28    26    29    31   0.00000  1.0 3.0
   28    26    29    31   0.00000 -1.0 4.0
   28    26    29    32   0.00000  1.0 1.0
   28    26    29    32   0.00000 -1.0 2.0
   28    26    29    32   0.50000  1.0 3.0
   28    26    29    32   0.00000 -1.0 4.0
   26    29   -30    31  -0.95700  1.0 1.0
   26    29   -30    31  -0.18200 -1.0 2.0
   26    29   -30    31   0.29450  1.0 3.0
   26    29   -30    31   0.00000 -1.0 4.0
   26    29    30    33   0.00000  1.0 1.0
   26    29    30    33   0.00000 -1.0 2.0
   26    29    30    33  -0.11250  1.0 3.0
   26    29    30    33   0.00000 -1.0 4.0
   26    29    30    34   0.00000  1.0 1.0
   26    29    30    34   0.00000 -1.0 2.0
   26    29    30    34  -0.11250  1.0 3.0
   26    29    30    34   0.00000 -1.0 4.0
   31    29   -30    33   0.00000  1.0 1.0
   31    29   -30    33   0.00000 -1.0 2.0
   31    29   -30    33   0.15000  1.0 3.0
   31    29   -30    33   0.00000 -1.0 4.0
   31    29   -30    34   0.00000  1.0 1.0
   31    29   -30    34   0.00000 -1.0 2.0
   31    29   -30    34   0.15000  1.0 3.0
   31    29   -30    34   0.00000 -1.0 4.0
   32    29   -30    31   0.00000  1.0 1.0
   32    29   -30    31   0.00000 -1.0 2.0
   32    29   -30    31   0.15000  1.0 3.0
   32    29   -30    31   0.00000 -1.0 4.0
   32    29    30    33   0.00000  1.0 1.0
   32    29    30    33   0.00000 -1.0 2.0
   32    29    30    33   0.15000  1.0 3.0
   32    29    30    33   0.00000 -1.0 4.0
   32    29    30    34   0.00000  1.0 1.0
   32    29    30    34   0.00000 -1.0 2.0
   32    29    30    34   0.15000  1.0 3.0
   32    29    30    34   0.00000 -1.0 4.0
   26    29   -31    30  -0.95700  1.0 1.0
   26    29   -31    30  -0.18200 -1.0 2.0
   26    29   -31    30   0.29450  1.0 3.0
   26    29   -31    30   0.00000 -1.0 4.0
   26    29    31    35   0.00000  1.0 1.0
   26    29    31    35   0.00000 -1.0 2.0
   26    29    31    35  -0.11250  1.0 3.0
   26    29    31    35   0.00000 -1.0 4.0
   26    29    31    36   0.00000  1.0 1.0
   26    29    31    36   0.00000 -1.0 2.0
   26    29    31    36  -0.11250  1.0 3.0
   26    29    31    36   0.00000 -1.0 4.0
   30    29   -31    35   0.00000  1.0 1.0
   30    29   -31    35   0.00000 -1.0 2.0
   30    29   -31    35   0.15000  1.0 3.0
   30    29   -31    35   0.00000 -1.0 4.0
   30    29   -31    36   0.00000  1.0 1.0
   30    29   -31    36   0.00000 -1.0 2.0
   30    29   -31    36   0.15000  1.0 3.0
   30    29   -31    36   0.00000 -1.0 4.0
   32    29   -31    30   0.00000  1.0 1.0
   32    29   -31    30   0.00000 -1.0 2.0
   32    29   -31    30   0.15000  1.0 3.0
   32    29   -31    30   0.00000 -1.0 4.0
   32    29    31    35   0.00000  1.0 1.0
   32    29    31    35   0.00000 -1.0 2.0
   32    29    31    35   0.15000  1.0 3.0
   32    29    31    35   0.00000 -1.0 4.0
   32    29    31    36   0.00000  1.0 1.0
   32    29    31    36   0.00000 -1.0 2.0
   32    29    31    36   0.15000  1.0 3.0
   32    29    31    36   0.00000 -1.0 4.0
   29    30   -31    35   0.00000  1.0 1.0
   29    30   -31    35   0.00000 -1.0 2.0
   29    30   -31    35   0.15000  1.0 3.0
   29    30   -31    35   0.00000 -1.0 4.0
   29    30   -31    36   0.00000  1.0 1.0
   29    30   -31    36   0.00000 -1.0 2.0
   29    30   -31    36   0.15000  1.0 3.0
   29    30   -31    36   0.00000 -1.0 4.0
   33    30   -31    29   0.00000  1.0 1.0
   33    30   -31    29   0.00000 -1.0 2.0
   33    30   -31    29   0.15000  1.0 3.0
   33    30   -31    29   0.00000 -1.0 4.0
   33    30    31    35   0.00000  1.0 1.0
   33    30    31    35   0.00000 -1.0 2.0
   33    30    31    35   0.15000  1.0 3.0
   33    30    31    35   0.00000 -1.0 4.0
   33    30    31    36   0.00000  1.0 1.0
   33    30    31    36   0.00000 -1.0 2.0
   33    30    31    36   0.15000  1.0 3.0
   33    30    31    36   0.00000 -1.0 4.0
   34    30   -31    29   0.00000  1.0 1.0
   34    30   -31    29   0.00000 -1.0 2.0
   34    30   -31    29   0.15000  1.0 3.0
   34    30   -31    29   0.00000 -1.0 4.0
   34    30    31    35   0.00000  1.0 1.0
   34    30    31    35   0.00000 -1.0 2.0
   34    30    31    35   0.15000  1.0 3.0
   34    30    31    35   0.00000 -1.0 4.0
   34    30    31    36   0.00000  1.0 1.0
   34    30    31    36   0.00000 -1.0 2.0
   34    30    31    36   0.15000  1.0 3.0
   34    30    31    36   0.00000 -1.0 4.0
IPHI
    16    11    13    15   4.00000 -1.0 2.0
    17    18    15    13   4.00000 -1.0 2.0
    19    24    21    18   1.10000 -1.0 2.0
    19    20    16    13   1.10000 -1.0 2.0
    21    22    18    15   1.10000 -1.0 2.0
    16    23    19    21   1.10000 -1.0 2.0
    13    10    11    14  10.50000 -1.0 2.0
    12    11    10     2   1.00000 -1.0 2.0
     1     3     2    10   4.00000 -1.0 2.0
     4     5     1     2   1.10000 -1.0 2.0
     6     7     4     1   1.10000 -1.0 2.0
    25     3     8     6   4.00000 -1.0 2.0
    27    26    25     8   1.00000 -1.0 2.0
    25    29    26    28  10.50000 -1.0 2.0
     8     9     3     2   1.10000 -1.0 2.0
END