* LIGAND DATABASE FILE (OPLS2005)
*
IK1      29    30    46      79       0
    1     0 M  C5B   _C5_     6   43.396866   67.600664  -97.732205
    2     1 M  C5A   _C10     6    1.395179   91.795021  -15.600884
    3     1 M  C5B   _C11     6    1.413070   29.334038 -159.594111
    4     1 M   HA   _H9_     6    1.080579  141.129469  135.876752
    5     2 M   SA   _S1_     6    1.738581  110.098692  -22.192469
    6     5 M  C5A   _C12     6    1.747147   92.156715    0.986731
    7     6 S    N   _N3_     6    1.393856  122.335651  177.971547
    8     7 S    C   _C6_     6    1.341454  127.495486   25.496709
    9     7 S    H   _H10     6    1.010556  114.951749 -169.431950
   10     8 S    N   _N1_     6    1.320237  111.983982  164.041094
   11     8 S    O   _O1_     6    1.223622  127.119021  -11.536251
   12    10 S    H   _H1_     6    1.007740  119.077443 -179.009525
   13    10 S    H   _H2_     6    1.014935  120.415880    7.516176
   14     3 S    C   _C7_     6    1.454995  124.731998 -138.833659
   15    14 S    N   _N2_     6    1.333804  116.668299   21.447063
   16    14 S    O   _O2_     6    1.228382  122.161886 -158.465146
   17    15 S    H   _H3_     6    1.011255  118.414241 -177.319220
   18    15 S    H   _H4_     6    1.006450  121.424160    9.917391
   19     2 S   CA   _C9_     6    1.499810  129.602237  156.556061
   20    19 S   CA   _C3_     6    1.401705  121.556046  158.836705
   21    19 S   CA   _C4_     6    1.399842  119.185222  -21.946960
   22    20 S   CA   _C1_     6    1.393254  120.382827  178.258103
   23    21 S   CA   _C2_     6    1.392596  120.384405 -178.724629
   24    20 S   HA   _H7_     6    1.080558  120.993824   -1.422995
   25    21 S   HA   _H8_     6    1.080459  120.783488    0.530018
   26    22 S   CA   _C8_     6    1.391206  119.665883    0.798270
   27    22 S   HA   _H5_     6    1.080843  120.228628 -179.255999
   28    23 S   HA   _H6_     6    1.080417  120.182468 -179.799863
   29    26 S   HA   _H11     6    1.080324  119.668392  179.971715
NBON
     1   3.5500   0.0700  -0.073800   2.5000   1.7750   0.001000000  -0.843144165
     2   3.5500   0.0700  -0.170900   2.5000   1.7750   0.001000000  -0.843144165
     3   3.5500   0.0700  -0.067700   2.5000   1.7750   0.001000000  -0.843144165
     4   2.4200   0.0300   0.121100   1.3810   1.2100   0.030040813   0.268726247
     5   3.5600   0.3950   0.032800   2.0300   2.1250   0.025682759  -1.666211680
     6   3.5500   0.0700   0.021300   2.5000   1.7750   0.001000000  -0.843144165
     7   3.2500   0.1700  -0.451100   1.8100   1.6000   0.054801302  -1.445846770
     8   3.7500   0.1050   0.822000   2.1120   1.8750   0.001000000  -0.126889456
     9   0.5000   0.0300   0.291200   1.5900   1.4000   0.030040813  -0.651083722
    10   3.2500   0.1700  -0.959200   1.8100   1.6000   0.054801302  -1.445846770
    11   2.9600   0.2100  -0.616300   1.8100   1.6000   0.001000000  -1.480495490
    12   0.5000   0.0300   0.414200   1.5900   1.4000   0.030040813  -0.651083722
    13   0.5000   0.0300   0.414200   1.5900   1.4000   0.030040813  -0.651083722
    14   3.7500   0.1050   0.615000   2.1120   1.8750   0.001000000  -0.126889456
    15   3.2500   0.1700  -0.760000   1.8100   1.6000   0.054801302  -1.445846770
    16   2.9600   0.2100  -0.500000   1.8100   1.6000   0.001000000  -1.480495490
    17   0.5000   0.0300   0.380000   1.5900   1.4000   0.030040813  -0.651083722
    18   0.5000   0.0300   0.380000   1.5900   1.4000   0.030040813  -0.651083722
    19   3.5500   0.0700   0.107200   2.5000   1.7750   0.001000000  -0.843144165
    20   3.5500   0.0700  -0.115000   2.5000   1.7750   0.001000000  -0.843144165
    21   3.5500   0.0700  -0.115000   2.5000   1.7750   0.001000000  -0.843144165
    22   3.5500   0.0700  -0.115000   2.5000   1.7750   0.001000000  -0.843144165
    23   3.5500   0.0700  -0.115000   2.5000   1.7750   0.001000000  -0.843144165
    24   2.4200   0.0300   0.115000   1.3810   1.2100   0.030040813   0.268726247
    25   2.4200   0.0300   0.115000   1.3810   1.2100   0.030040813   0.268726247
    26   3.5500   0.0700  -0.115000   2.5000   1.7750   0.001000000  -0.843144165
    27   2.4200   0.0300   0.115000   1.3810   1.2100   0.030040813   0.268726247
    28   2.4200   0.0300   0.115000   1.3810   1.2100   0.030040813   0.268726247
    29   2.4200   0.0300   0.115000   1.3810   1.2100   0.030040813   0.268726247
BOND
    10     8   490.000  1.335
    10    12   434.000  1.010
    10    13   434.000  1.010
    15    14   490.000  1.335
    15    17   434.000  1.010
    15    18   434.000  1.010
    11     8   570.000  1.229
    16    14   570.000  1.229
    22    20   469.000  1.400
    22    26   469.000  1.400
    22    27   367.000  1.080
    23    21   469.000  1.400
    23    26   469.000  1.400
    23    28   367.000  1.080
    20    19   469.000  1.400
    20    24   367.000  1.080
    21    19   469.000  1.400
    21    25   367.000  1.080
     1     2   520.000  1.370
     1     3   400.000  1.425
     1     4   367.000  1.080
     7     8   490.000  1.335
     7     6   490.000  1.346
     7     9   434.000  1.010
     5     2   265.000  1.745
     5     6   265.000  1.745
    14     3   310.000  1.477
    26    29   367.000  1.080
    19     2   365.000  1.450
     3     6   520.000  1.370
THET
     8    10    12    35.00000  119.80000
     8    10    13    35.00000  119.80000
    12    10    13    35.00000  120.00000
    14    15    17    35.00000  119.80000
    14    15    18    35.00000  119.80000
    17    15    18    35.00000  120.00000
    20    22    26    63.00000  120.00000
    20    22    27    35.00000  120.00000
    26    22    27    35.00000  120.00000
    21    23    26    63.00000  120.00000
    21    23    28    35.00000  120.00000
    26    23    28    35.00000  120.00000
    22    20    19    63.00000  120.00000
    22    20    24    35.00000  120.00000
    19    20    24    35.00000  120.00000
    23    21    19    63.00000  120.00000
    23    21    25    35.00000  120.00000
    19    21    25    35.00000  120.00000
     2     1     3    75.00000  112.39000
     2     1     4    35.00000  128.20000
     3     1     4    35.00000  125.69000
     8     7     6    65.00000  122.00000
     8     7     9    35.00000  119.80000
     6     7     9    45.00000  118.23600
     2     5     6   110.00000   90.41100
    10     8    11    80.00000  122.90000
    10     8     7    90.00000  111.91700
    11     8     7    80.00000  122.90000
    15    14    16    80.00000  122.90000
    15    14     3    75.00000  113.48100
    16    14     3    80.00000  122.33200
    22    26    23    63.00000  120.00000
    22    26    29    35.00000  120.00000
    23    26    29    35.00000  120.00000
    20    19    21    63.00000  120.00000
    20    19     2    65.00000  121.65900
    21    19     2    65.00000  121.65900
     1     2     5    80.00000  111.29200
     1     2    19    55.00000  129.85000
     5     2    19    65.00000  119.85000
     1     3    14    55.00000  126.13500
     1     3     6    75.00000  112.39000
    14     3     6    60.00000  124.35000
     7     6     5    70.00000  125.14000
     7     6     3    65.00000  130.52000
     5     6     3    80.00000  111.29200
PHI
   12    10     8    11   0.00000  1.0 1.0
   12    10     8    11   2.45000 -1.0 2.0
   12    10     8    11   0.00000  1.0 3.0
   12    10     8    11   0.00000 -1.0 4.0
   12    10     8     7   0.00000  1.0 1.0
   12    10     8     7   2.56700 -1.0 2.0
   12    10     8     7   0.00000  1.0 3.0
   12    10     8     7   0.00000 -1.0 4.0
   13    10     8    11   0.00000  1.0 1.0
   13    10     8    11   2.45000 -1.0 2.0
   13    10     8    11   0.00000  1.0 3.0
   13    10     8    11   0.00000 -1.0 4.0
   13    10     8     7   0.00000  1.0 1.0
   13    10     8     7   2.56700 -1.0 2.0
   13    10     8     7   0.00000  1.0 3.0
   13    10     8     7   0.00000 -1.0 4.0
   17    15    14    16   0.00000  1.0 1.0
   17    15    14    16   2.45000 -1.0 2.0
   17    15    14    16   0.00000  1.0 3.0
   17    15    14    16   0.00000 -1.0 4.0
   17    15    14     3   0.00000  1.0 1.0
   17    15    14     3   2.56700 -1.0 2.0
   17    15    14     3   0.00000  1.0 3.0
   17    15    14     3   0.00000 -1.0 4.0
   18    15    14    16   0.00000  1.0 1.0
   18    15    14    16   2.45000 -1.0 2.0
   18    15    14    16   0.00000  1.0 3.0
   18    15    14    16   0.00000 -1.0 4.0
   18    15    14     3   0.00000  1.0 1.0
   18    15    14     3   2.56700 -1.0 2.0
   18    15    14     3   0.00000  1.0 3.0
   18    15    14     3   0.00000 -1.0 4.0
   26    22    20    19   0.00000  1.0 1.0
   26    22    20    19   3.62500 -1.0 2.0
   26    22    20    19   0.00000  1.0 3.0
   26    22    20    19   0.00000 -1.0 4.0
   26    22    20    24   0.00000  1.0 1.0
   26    22    20    24   3.62500 -1.0 2.0
   26    22    20    24   0.00000  1.0 3.0
   26    22    20    24   0.00000 -1.0 4.0
   27    22    20    19   0.00000  1.0 1.0
   27    22    20    19   3.62500 -1.0 2.0
   27    22    20    19   0.00000  1.0 3.0
   27    22    20    19   0.00000 -1.0 4.0
   27    22    20    24   0.00000  1.0 1.0
   27    22    20    24   3.62500 -1.0 2.0
   27    22    20    24   0.00000  1.0 3.0
   27    22    20    24   0.00000 -1.0 4.0
   20    22    26    23   0.00000  1.0 1.0
   20    22    26    23   3.62500 -1.0 2.0
   20    22    26    23   0.00000  1.0 3.0
   20    22    26    23   0.00000 -1.0 4.0
   20    22    26    29   0.00000  1.0 1.0
   20    22    26    29   3.62500 -1.0 2.0
   20    22    26    29   0.00000  1.0 3.0
   20    22    26    29   0.00000 -1.0 4.0
   27    22    26    23   0.00000  1.0 1.0
   27    22    26    23   3.62500 -1.0 2.0
   27    22    26    23   0.00000  1.0 3.0
   27    22    26    23   0.00000 -1.0 4.0
   27    22    26    29   0.00000  1.0 1.0
   27    22    26    29   3.62500 -1.0 2.0
   27    22    26    29   0.00000  1.0 3.0
   27    22    26    29   0.00000 -1.0 4.0
   26    23   -21    19   0.00000  1.0 1.0
   26    23   -21    19   3.62500 -1.0 2.0
   26    23   -21    19   0.00000  1.0 3.0
   26    23   -21    19   0.00000 -1.0 4.0
   26    23    21    25   0.00000  1.0 1.0
   26    23    21    25   3.62500 -1.0 2.0
   26    23    21    25   0.00000  1.0 3.0
   26    23    21    25   0.00000 -1.0 4.0
   28    23    21    19   0.00000  1.0 1.0
   28    23    21    19   3.62500 -1.0 2.0
   28    23    21    19   0.00000  1.0 3.0
   28    23    21    19   0.00000 -1.0 4.0
   28    23    21    25   0.00000  1.0 1.0
   28    23    21    25   3.62500 -1.0 2.0
   28    23    21    25   0.00000  1.0 3.0
   28    23    21    25   0.00000 -1.0 4.0
   21    23    26    22   0.00000  1.0 1.0
   21    23    26    22   3.62500 -1.0 2.0
   21    23    26    22   0.00000  1.0 3.0
   21    23    26    22   0.00000 -1.0 4.0
   21    23    26    29   0.00000  1.0 1.0
   21    23    26    29   3.62500 -1.0 2.0
   21    23    26    29   0.00000  1.0 3.0
   21    23    26    29   0.00000 -1.0 4.0
   28    23    26    22   0.00000  1.0 1.0
   28    23    26    22   3.62500 -1.0 2.0
   28    23    26    22   0.00000  1.0 3.0
   28    23    26    22   0.00000 -1.0 4.0
   28    23    26    29   0.00000  1.0 1.0
   28    23    26    29   3.62500 -1.0 2.0
   28    23    26    29   0.00000  1.0 3.0
   28    23    26    29   0.00000 -1.0 4.0
   22    20   -19    21   0.00000  1.0 1.0
   22    20   -19    21   3.62500 -1.0 2.0
   22    20   -19    21   0.00000  1.0 3.0
   22    20   -19    21   0.00000 -1.0 4.0
   22    20    19     2   0.00000  1.0 1.0
   22    20    19     2   3.62500 -1.0 2.0
   22    20    19     2   0.00000  1.0 3.0
   22    20    19     2   0.00000 -1.0 4.0
   24    20    19    21   0.00000  1.0 1.0
   24    20    19    21   3.62500 -1.0 2.0
   24    20    19    21   0.00000  1.0 3.0
   24    20    19    21   0.00000 -1.0 4.0
   24    20    19     2   0.00000  1.0 1.0
   24    20    19     2   3.62500 -1.0 2.0
   24    20    19     2   0.00000  1.0 3.0
   24    20    19     2   0.00000 -1.0 4.0
   23    21   -19    20   0.00000  1.0 1.0
   23    21   -19    20   3.62500 -1.0 2.0
   23    21   -19    20   0.00000  1.0 3.0
   23    21   -19    20   0.00000 -1.0 4.0
   23    21    19     2   0.00000  1.0 1.0
   23    21    19     2   3.62500 -1.0 2.0
   23    21    19     2   0.00000  1.0 3.0
   23    21    19     2   0.00000 -1.0 4.0
   25    21    19    20   0.00000  1.0 1.0
   25    21    19    20   3.62500 -1.0 2.0
   25    21    19    20   0.00000  1.0 3.0
   25    21    19    20   0.00000 -1.0 4.0
   25    21    19     2   0.00000  1.0 1.0
   25    21    19     2   3.62500 -1.0 2.0
   25    21    19     2   0.00000  1.0 3.0
   25    21    19     2   0.00000 -1.0 4.0
    3     1    -2     5   0.00000  1.0 1.0
    3     1    -2     5   3.62500 -1.0 2.0
    3     1    -2     5   0.00000  1.0 3.0
    3     1    -2     5   0.00000 -1.0 4.0
    3     1     2    19   0.00000  1.0 1.0
    3     1     2    19   3.62500 -1.0 2.0
    3     1     2    19   0.00000  1.0 3.0
    3     1     2    19   0.00000 -1.0 4.0
    4     1     2     5   0.00000  1.0 1.0
    4     1     2     5   3.62500 -1.0 2.0
    4     1     2     5   0.00000  1.0 3.0
    4     1     2     5   0.00000 -1.0 4.0
    4     1     2    19   0.00000  1.0 1.0
    4     1     2    19   3.62500 -1.0 2.0
    4     1     2    19   0.00000  1.0 3.0
    4     1     2    19   0.00000 -1.0 4.0
    2     1     3    14   0.00000  1.0 1.0
    2     1     3    14   3.62500 -1.0 2.0
    2     1     3    14   0.00000  1.0 3.0
    2     1     3    14   0.00000 -1.0 4.0
    2     1    -3     6   0.00000  1.0 1.0
    2     1    -3     6   3.62500 -1.0 2.0
    2     1    -3     6   0.00000  1.0 3.0
    2     1    -3     6   0.00000 -1.0 4.0
    4     1     3    14   0.00000  1.0 1.0
    4     1     3    14   3.62500 -1.0 2.0
    4     1     3    14   0.00000  1.0 3.0
    4     1     3    14   0.00000 -1.0 4.0
    4     1     3     6   0.00000  1.0 1.0
    4     1     3     6   3.62500 -1.0 2.0
    4     1     3     6   0.00000  1.0 3.0
    4     1     3     6   0.00000 -1.0 4.0
    6     7     8    10   0.54900  1.0 1.0
    6     7     8    10   1.90750 -1.0 2.0
    6     7     8    10   0.00000  1.0 3.0
    6     7     8    10   0.00000 -1.0 4.0
    6     7     8    11   0.00000  1.0 1.0
    6     7     8    11   0.04000 -1.0 2.0
    6     7     8    11   0.00000  1.0 3.0
    6     7     8    11   0.00000 -1.0 4.0
    9     7     8    10   0.00000  1.0 1.0
    9     7     8    10   2.56700 -1.0 2.0
    9     7     8    10   0.00000  1.0 3.0
    9     7     8    10   0.00000 -1.0 4.0
    9     7     8    11   0.00000  1.0 1.0
    9     7     8    11   2.45000 -1.0 2.0
    9     7     8    11   0.00000  1.0 3.0
    9     7     8    11   0.00000 -1.0 4.0
    8     7     6     5   0.00000  1.0 1.0
    8     7     6     5   0.96250 -1.0 2.0
    8     7     6     5   0.00000  1.0 3.0
    8     7     6     5   0.00000 -1.0 4.0
    8     7     6     3   1.00100  1.0 1.0
    8     7     6     3   0.85050 -1.0 2.0
    8     7     6     3   0.00000  1.0 3.0
    8     7     6     3   0.00000 -1.0 4.0
    9     7     6     5   0.00000  1.0 1.0
    9     7     6     5   0.96250 -1.0 2.0
    9     7     6     5   0.00000  1.0 3.0
    9     7     6     5   0.00000 -1.0 4.0
    9     7     6     3   0.00000  1.0 1.0
    9     7     6     3   0.97800 -1.0 2.0
    9     7     6     3   0.00000  1.0 3.0
    9     7     6     3   0.00000 -1.0 4.0
    6     5    -2     1   0.00000  1.0 1.0
    6     5    -2     1   3.62500 -1.0 2.0
    6     5    -2     1   0.00000  1.0 3.0
    6     5    -2     1   0.00000 -1.0 4.0
    6     5     2    19   0.00000  1.0 1.0
    6     5     2    19   3.62500 -1.0 2.0
    6     5     2    19   0.00000  1.0 3.0
    6     5     2    19   0.00000 -1.0 4.0
    2     5     6     7   0.00000  1.0 1.0
    2     5     6     7   3.62500 -1.0 2.0
    2     5     6     7   0.00000  1.0 3.0
    2     5     6     7   0.00000 -1.0 4.0
    2     5    -6     3   0.00000  1.0 1.0
    2     5    -6     3   3.62500 -1.0 2.0
    2     5    -6     3   0.00000  1.0 3.0
    2     5    -6     3   0.00000 -1.0 4.0
   15    14     3     1   0.75700  1.0 1.0
   15    14     3     1   0.34650 -1.0 2.0
   15    14     3     1   0.33000  1.0 3.0
   15    14     3     1  -0.28100 -1.0 4.0
   15    14     3     6   0.75700  1.0 1.0
   15    14     3     6   0.34650 -1.0 2.0
   15    14     3     6   0.33000  1.0 3.0
   15    14     3     6  -0.28100 -1.0 4.0
   16    14     3     1   0.00000  1.0 1.0
   16    14     3     1   1.05000 -1.0 2.0
   16    14     3     1   0.00000  1.0 3.0
   16    14     3     1   0.00000 -1.0 4.0
   16    14     3     6   0.00000  1.0 1.0
   16    14     3     6   1.05000 -1.0 2.0
   16    14     3     6   0.00000  1.0 3.0
   16    14     3     6   0.00000 -1.0 4.0
   20    19     2     1  -0.19450  1.0 1.0
   20    19     2     1   0.63300 -1.0 2.0
   20    19     2     1   0.07450  1.0 3.0
   20    19     2     1   0.00000 -1.0 4.0
   20    19     2     5   0.13800  1.0 1.0
   20    19     2     5   0.61700 -1.0 2.0
   20    19     2     5   0.18800  1.0 3.0
   20    19     2     5   0.00000 -1.0 4.0
   21    19     2     1  -0.19450  1.0 1.0
   21    19     2     1   0.63300 -1.0 2.0
   21    19     2     1   0.07450  1.0 3.0
   21    19     2     1   0.00000 -1.0 4.0
   21    19     2     5   0.13800  1.0 1.0
   21    19     2     5   0.61700 -1.0 2.0
   21    19     2     5   0.18800  1.0 3.0
   21    19     2     5   0.00000 -1.0 4.0
    1     3     6     7   0.00000  1.0 1.0
    1     3     6     7   3.62500 -1.0 2.0
    1     3     6     7   0.00000  1.0 3.0
    1     3     6     7   0.00000 -1.0 4.0
    1     3    -6     5   0.00000  1.0 1.0
    1     3    -6     5   3.62500 -1.0 2.0
    1     3    -6     5   0.00000  1.0 3.0
    1     3    -6     5   0.00000 -1.0 4.0
   14     3     6     7   0.00000  1.0 1.0
   14     3     6     7   3.62500 -1.0 2.0
   14     3     6     7   0.00000  1.0 3.0
   14     3     6     7   0.00000 -1.0 4.0
   14     3     6     5   0.00000  1.0 1.0
   14     3     6     5   3.62500 -1.0 2.0
   14     3     6     5   0.00000  1.0 3.0
   14     3     6     5   0.00000 -1.0 4.0
IPHI
    13     8    10    12   1.00000 -1.0 2.0
    18    14    15    17   1.00000 -1.0 2.0
    26    27    22    20   1.10000 -1.0 2.0
    26    28    23    21   1.10000 -1.0 2.0
    19    24    20    22   1.10000 -1.0 2.0
    19    25    21    23   1.10000 -1.0 2.0
     3     4     1     2   1.10000 -1.0 2.0
     9     8     7     6   1.00000 -1.0 2.0
    10     7     8    11  10.50000 -1.0 2.0
    15     3    14    16  10.50000 -1.0 2.0
    23    29    26    22   1.10000 -1.0 2.0
    21     2    19    20   4.00000 -1.0 2.0
     5    19     2     1   4.00000 -1.0 2.0
    14     6     3     1   4.00000 -1.0 2.0
     5     3     6     7   4.00000 -1.0 2.0
END