* LIGAND DATABASE FILE (OPLS2005)
*
7GL      41    43    71     111       0
    1     0 M CN56   _C10     6   45.118325   60.512447 -101.547935
    2     1 M NC56   _N1_     6    1.404808   14.366021 -134.628922
    3     1 M  CAA   _C13     6    1.406544  115.482697  126.969231
    4     1 M  N5B   _N3_     6    1.360265  111.359514  -40.452953
    5     2 M  NAA   _N2_     6    1.350298  126.619912  -91.506184
    6     2 M  C5A   _C15     6    1.377479  105.157583   88.507985
    7     5 M  CAB   _C11     6    1.354785  115.199582   -2.677526
    8     7 M  CAB   _C12     6    1.398629  122.818083    3.873135
    9     8 M   HA   _H13     6    1.068747  121.433617 -179.283834
   10     4 M  C5B   _C14     6    1.314235  104.120934  -15.409093
   11    10 M   HA   _H14     6    1.081711  120.768765 -179.841258
   12     6 S    C   _C8_     6    1.419882  126.881525 -176.865456
   13    12 S    N   _N6_     6    1.325821  114.275430 -107.491255
   14    12 S    O   _O1_     6    1.223780  121.974218   72.795004
   15    13 S    H   _H17     6    1.013191  120.942319 -177.782913
   16    13 S    H   _H18     6    1.020425  119.039740   14.410443
   17     7 S   NE   _N4_     6    1.400830  112.703118 -174.519523
   18    17 S   CA   _C9_     6    1.407616  135.461942  167.281717
   19    17 S    H   _H15     6    1.006696  109.065171    8.697337
   20    18 S   CA   _C1_     6    1.401975  124.672216   29.994150
   21    18 S   CA   _C3_     6    1.398448  116.712233 -150.695348
   22    20 S   CA   _C16     6    1.397351  120.705535 -176.161604
   23    20 S   HA   _H1_     6    1.073373  121.795033    5.320025
   24    21 S   CA   _C4_     6    1.397830  121.055950  178.734191
   25    21 S   HA   _H5_     6    1.080467  119.908528   -0.869735
   26    24 S   CT   _C2_     6    1.517377  120.325928  179.350813
   27    24 S   CA   _C5_     6    1.394141  119.476902   -0.901424
   28    22 S   CT   _C6_     6    1.517444  120.695078  175.473269
   29    26 S   HC   _H2_     6    1.089977  110.873700  151.075645
   30    26 S   HC   _H3_     6    1.090646  111.293038   31.090064
   31    26 S   HC   _H4_     6    1.090326  110.064564  -89.054655
   32    27 S   HA   _H6_     6    1.080839  119.916592 -178.846866
   33    28 S   HC   _H7_     6    1.089733  110.646238  123.737944
   34    28 S   HC   _H8_     6    1.090662  111.975181    2.636340
   35    28 S   HC   _H9_     6    1.090055  109.951082 -117.040538
   36     3 S   NE   _N5_     6    1.405800  119.034150 -157.498936
   37    36 S   CT   _C7_     6    1.457844  120.865876  170.986981
   38    36 S    H   _H16     6    1.015941  113.243267   28.450476
   39    37 S   HC   _H10     6    1.090047  109.983550  179.016189
   40    37 S   HC   _H11     6    1.091365  111.401450   59.791891
   41    37 S   HC   _H12     6    1.090998  110.920072  -61.590284
NBON
     1   3.5500   0.0700   0.319600   2.5000   1.7750   0.001000000  -0.843144165
     2   3.2500   0.1700   0.612200   1.8650   1.6500   0.001000000  -0.511443539
     3   3.5500   0.0700   0.276800   2.0020   1.7750   0.001000000  -0.843144165
     4   3.2800   0.1700  -0.637100   1.8100   1.6000   0.054801302  -1.445846770
     5   3.2800   0.1700  -0.563400   1.8100   1.6000   0.054801302  -1.445846770
     6   3.5500   0.0700  -0.463400   2.5000   1.7750   0.001000000  -0.843144165
     7   3.5500   0.0700   0.581300   2.0020   1.7750   0.001000000  -0.843144165
     8   3.5500   0.0700  -0.396500   2.0020   1.7750   0.001000000  -0.843144165
     9   2.4200   0.0300   0.203200   1.3810   1.2100   0.030040813   0.268726247
    10   3.5500   0.0700   0.222700   2.5000   1.7750   0.001000000  -0.843144165
    11   2.4200   0.0300   0.129600   1.3810   1.2100   0.030040813   0.268726247
    12   3.7500   0.1050   0.615000   2.1120   1.8750   0.001000000  -0.126889456
    13   3.2500   0.1700  -0.760000   1.8100   1.6000   0.054801302  -1.445846770
    14   2.9600   0.2100  -0.500000   1.8100   1.6000   0.001000000  -1.480495490
    15   0.5000   0.0300   0.380000   1.5900   1.4000   0.030040813  -0.651083722
    16   0.5000   0.0300   0.380000   1.5900   1.4000   0.030040813  -0.651083722
    17   3.3000   0.1700  -0.780000   2.1120   1.8750   0.051222218  -2.220205820
    18   3.5500   0.0700   0.200000   2.5000   1.7750   0.001000000  -0.843144165
    19   0.5000   0.0300   0.380000   1.5900   1.4000   0.030040813  -0.651083722
    20   3.5500   0.0700  -0.115000   2.5000   1.7750   0.001000000  -0.843144165
    21   3.5500   0.0700  -0.115000   2.5000   1.7750   0.001000000  -0.843144165
    22   3.5500   0.0700  -0.115000   2.5000   1.7750   0.001000000  -0.843144165
    23   2.4200   0.0300   0.115000   1.3810   1.2100   0.030040813   0.268726247
    24   3.5500   0.0700  -0.115000   2.5000   1.7750   0.001000000  -0.843144165
    25   2.4200   0.0300   0.115000   1.3810   1.2100   0.030040813   0.268726247
    26   3.5000   0.0660  -0.065000   1.9750   1.7500   0.005000000  -0.741685710
    27   3.5500   0.0700  -0.115000   2.5000   1.7750   0.001000000  -0.843144165
    28   3.5000   0.0660  -0.065000   1.9750   1.7500   0.005000000  -0.741685710
    29   2.5000   0.0300   0.060000   1.4250   1.2500   0.008598240   0.268726247
    30   2.5000   0.0300   0.060000   1.4250   1.2500   0.008598240   0.268726247
    31   2.5000   0.0300   0.060000   1.4250   1.2500   0.008598240   0.268726247
    32   2.4200   0.0300   0.115000   1.3810   1.2100   0.030040813   0.268726247
    33   2.5000   0.0300   0.060000   1.4250   1.2500   0.008598240   0.268726247
    34   2.5000   0.0300   0.060000   1.4250   1.2500   0.008598240   0.268726247
    35   2.5000   0.0300   0.060000   1.4250   1.2500   0.008598240   0.268726247
    36   3.3000   0.1700  -0.780000   2.1120   1.8750   0.051222218  -2.220205820
    37   3.5000   0.0660   0.020000   1.9750   1.7500   0.005000000  -0.741685710
    38   0.5000   0.0300   0.380000   1.5900   1.4000   0.030040813  -0.651083722
    39   2.5000   0.0150   0.060000   1.4250   1.2500   0.008598240   0.268726247
    40   2.5000   0.0150   0.060000   1.4250   1.2500   0.008598240   0.268726247
    41   2.5000   0.0150   0.060000   1.4250   1.2500   0.008598240   0.268726247
BOND
    20    18   469.000  1.400
    20    22   469.000  1.400
    20    23   367.000  1.080
    26    24   317.000  1.510
    26    29   340.000  1.090
    26    30   340.000  1.090
    26    31   340.000  1.090
    21    24   469.000  1.400
    21    18   469.000  1.400
    21    25   367.000  1.080
    24    27   469.000  1.400
    27    22   469.000  1.400
    27    32   367.000  1.080
    28    22   317.000  1.510
    28    33   340.000  1.090
    28    34   340.000  1.090
    28    35   340.000  1.090
    37    36   382.000  1.448
    37    39   340.000  1.090
    37    40   340.000  1.090
    37    41   340.000  1.090
    12     6   325.000  1.466
    12    13   490.000  1.335
    12    14   570.000  1.229
    18    17   481.000  1.393
     1     2   395.000  1.397
     1     3   425.000  1.408
     1     4   555.000  1.332
     2     5   335.000  1.337
     2     6   450.000  1.380
     5     7   555.000  1.319
     7     8   420.000  1.406
     7    17   440.000  1.370
     8     3   500.000  1.367
     8     9   385.000  1.085
     3    36   481.000  1.393
     4    10   410.000  1.394
    10     6   520.000  1.370
    10    11   367.000  1.080
    17    19   434.000  1.010
    36    38   434.000  1.010
    13    15   434.000  1.010
    13    16   434.000  1.010
THET
    18    20    22    63.00000  120.00000
    18    20    23    35.00000  120.00000
    22    20    23    35.00000  120.00000
    24    26    29    35.00000  109.50000
    24    26    30    35.00000  109.50000
    24    26    31    35.00000  109.50000
    29    26    30    33.00000  107.80000
    29    26    31    33.00000  107.80000
    30    26    31    33.00000  107.80000
    24    21    18    63.00000  120.00000
    24    21    25    35.00000  120.00000
    18    21    25    35.00000  120.00000
    26    24    21    70.00000  120.00000
    26    24    27    70.00000  120.00000
    21    24    27    63.00000  120.00000
    24    27    22    63.00000  120.00000
    24    27    32    35.00000  120.00000
    22    27    32    35.00000  120.00000
    22    28    33    35.00000  109.50000
    22    28    34    35.00000  109.50000
    22    28    35    35.00000  109.50000
    33    28    34    33.00000  107.80000
    33    28    35    33.00000  107.80000
    34    28    35    33.00000  107.80000
    36    37    39    35.00000  109.50000
    36    37    40    35.00000  109.50000
    36    37    41    35.00000  109.50000
    39    37    40    33.00000  107.80000
    39    37    41    33.00000  107.80000
    40    37    41    33.00000  107.80000
     6    12    13    75.00000  115.25300
     6    12    14    80.00000  120.87000
    13    12    14    80.00000  122.90000
    20    18    21    63.00000  120.00000
    20    18    17    70.00000  120.10000
    21    18    17    70.00000  120.10000
     2     1     3    75.00000  115.51300
     2     1     4    95.00000  109.35900
     3     1     4    60.00000  134.50700
     1     2     5    70.00000  127.72500
     1     2     6    90.00000  105.92000
     5     2     6    70.00000  127.72500
     2     5     7   100.00000  108.53800
     5     7     8    65.00000  126.21000
     5     7    17    85.00000  117.10000
     8     7    17    70.00000  120.10000
     7     8     3    65.00000  119.42000
     7     8     9    40.00000  119.95700
     3     8     9    40.00000  119.50000
     1     3     8    65.00000  118.39300
     1     3    36    70.00000  120.10000
     8     3    36    70.00000  120.10000
     1     4    10    95.00000  105.56000
     4    10     6    70.00000  111.00000
     4    10    11    35.00000  120.00000
     6    10    11    35.00000  128.20000
    12     6     2    70.00000  119.02500
    12     6    10    50.00000  132.79500
     2     6    10    90.00000  104.52000
    18    17     7    80.00000  122.00000
    18    17    19    35.00000  113.50000
     7    17    19    50.00000  113.50000
    20    22    27    63.00000  120.00000
    20    22    28    70.00000  120.00000
    27    22    28    70.00000  120.00000
    37    36     3    50.00000  110.00000
    37    36    38    35.00000  112.50000
     3    36    38    35.00000  113.50000
    12    13    15    35.00000  119.80000
    12    13    16    35.00000  119.80000
    15    13    16    35.00000  120.00000
PHI
   22    20    18    21   0.00000  1.0 1.0
   22    20    18    21   3.62500 -1.0 2.0
   22    20    18    21   0.00000  1.0 3.0
   22    20    18    21   0.00000 -1.0 4.0
   22    20    18    17   0.00000  1.0 1.0
   22    20    18    17   3.62500 -1.0 2.0
   22    20    18    17   0.00000  1.0 3.0
   22    20    18    17   0.00000 -1.0 4.0
   23    20    18    21   0.00000  1.0 1.0
   23    20    18    21   3.62500 -1.0 2.0
   23    20    18    21   0.00000  1.0 3.0
   23    20    18    21   0.00000 -1.0 4.0
   23    20    18    17   0.00000  1.0 1.0
   23    20    18    17   3.62500 -1.0 2.0
   23    20    18    17   0.00000  1.0 3.0
   23    20    18    17   0.00000 -1.0 4.0
   18    20    22    27   0.00000  1.0 1.0
   18    20    22    27   3.62500 -1.0 2.0
   18    20    22    27   0.00000  1.0 3.0
   18    20    22    27   0.00000 -1.0 4.0
   18    20    22    28   0.00000  1.0 1.0
   18    20    22    28   3.62500 -1.0 2.0
   18    20    22    28   0.00000  1.0 3.0
   18    20    22    28   0.00000 -1.0 4.0
   23    20    22    27   0.00000  1.0 1.0
   23    20    22    27   3.62500 -1.0 2.0
   23    20    22    27   0.00000  1.0 3.0
   23    20    22    27   0.00000 -1.0 4.0
   23    20    22    28   0.00000  1.0 1.0
   23    20    22    28   3.62500 -1.0 2.0
   23    20    22    28   0.00000  1.0 3.0
   23    20    22    28   0.00000 -1.0 4.0
   29    26    24    21   0.00000  1.0 1.0
   29    26    24    27   0.00000  1.0 1.0
   30    26    24    21   0.00000  1.0 1.0
   30    26    24    27   0.00000  1.0 1.0
   31    26    24    21   0.00000  1.0 1.0
   31    26    24    27   0.00000  1.0 1.0
   18    21    24    26   0.00000  1.0 1.0
   18    21    24    26   3.62500 -1.0 2.0
   18    21    24    26   0.00000  1.0 3.0
   18    21    24    26   0.00000 -1.0 4.0
   18    21   -24    27   0.00000  1.0 1.0
   18    21   -24    27   3.62500 -1.0 2.0
   18    21   -24    27   0.00000  1.0 3.0
   18    21   -24    27   0.00000 -1.0 4.0
   25    21    24    26   0.00000  1.0 1.0
   25    21    24    26   3.62500 -1.0 2.0
   25    21    24    26   0.00000  1.0 3.0
   25    21    24    26   0.00000 -1.0 4.0
   25    21    24    27   0.00000  1.0 1.0
   25    21    24    27   3.62500 -1.0 2.0
   25    21    24    27   0.00000  1.0 3.0
   25    21    24    27   0.00000 -1.0 4.0
   24    21    18    20   0.00000  1.0 1.0
   24    21    18    20   3.62500 -1.0 2.0
   24    21    18    20   0.00000  1.0 3.0
   24    21    18    20   0.00000 -1.0 4.0
   24    21    18    17   0.00000  1.0 1.0
   24    21    18    17   3.62500 -1.0 2.0
   24    21    18    17   0.00000  1.0 3.0
   24    21    18    17   0.00000 -1.0 4.0
   25    21    18    20   0.00000  1.0 1.0
   25    21    18    20   3.62500 -1.0 2.0
   25    21    18    20   0.00000  1.0 3.0
   25    21    18    20   0.00000 -1.0 4.0
   25    21    18    17   0.00000  1.0 1.0
   25    21    18    17   3.62500 -1.0 2.0
   25    21    18    17   0.00000  1.0 3.0
   25    21    18    17   0.00000 -1.0 4.0
   26    24    27    22   0.00000  1.0 1.0
   26    24    27    22   3.62500 -1.0 2.0
   26    24    27    22   0.00000  1.0 3.0
   26    24    27    22   0.00000 -1.0 4.0
   26    24    27    32   0.00000  1.0 1.0
   26    24    27    32   3.62500 -1.0 2.0
   26    24    27    32   0.00000  1.0 3.0
   26    24    27    32   0.00000 -1.0 4.0
   21    24   -27    22   0.00000  1.0 1.0
   21    24   -27    22   3.62500 -1.0 2.0
   21    24   -27    22   0.00000  1.0 3.0
   21    24   -27    22   0.00000 -1.0 4.0
   21    24    27    32   0.00000  1.0 1.0
   21    24    27    32   3.62500 -1.0 2.0
   21    24    27    32   0.00000  1.0 3.0
   21    24    27    32   0.00000 -1.0 4.0
   24    27   -22    20   0.00000  1.0 1.0
   24    27   -22    20   3.62500 -1.0 2.0
   24    27   -22    20   0.00000  1.0 3.0
   24    27   -22    20   0.00000 -1.0 4.0
   24    27    22    28   0.00000  1.0 1.0
   24    27    22    28   3.62500 -1.0 2.0
   24    27    22    28   0.00000  1.0 3.0
   24    27    22    28   0.00000 -1.0 4.0
   32    27    22    20   0.00000  1.0 1.0
   32    27    22    20   3.62500 -1.0 2.0
   32    27    22    20   0.00000  1.0 3.0
   32    27    22    20   0.00000 -1.0 4.0
   32    27    22    28   0.00000  1.0 1.0
   32    27    22    28   3.62500 -1.0 2.0
   32    27    22    28   0.00000  1.0 3.0
   32    27    22    28   0.00000 -1.0 4.0
   33    28    22    20   0.00000  1.0 1.0
   33    28    22    27   0.00000  1.0 1.0
   34    28    22    20   0.00000  1.0 1.0
   34    28    22    27   0.00000  1.0 1.0
   35    28    22    20   0.00000  1.0 1.0
   35    28    22    27   0.00000  1.0 1.0
   39    37    36     3   0.00000  1.0 1.0
   39    37    36    38   0.00000  1.0 1.0
   40    37    36     3   0.00000  1.0 1.0
   40    37    36    38   0.00000  1.0 1.0
   41    37    36     3   0.00000  1.0 1.0
   41    37    36    38   0.00000  1.0 1.0
   13    12     6     2   1.31350  1.0 1.0
   13    12     6     2   0.26300 -1.0 2.0
   13    12     6     2   0.00000  1.0 3.0
   13    12     6     2   0.00000 -1.0 4.0
   13    12     6    10   0.75700  1.0 1.0
   13    12     6    10   0.34650 -1.0 2.0
   13    12     6    10   0.33000  1.0 3.0
   13    12     6    10  -0.28100 -1.0 4.0
   14    12     6     2   0.00000  1.0 1.0
   14    12     6     2   1.85000 -1.0 2.0
   14    12     6     2   0.00000  1.0 3.0
   14    12     6     2   0.00000 -1.0 4.0
   14    12     6    10   0.00000  1.0 1.0
   14    12     6    10   1.05000 -1.0 2.0
   14    12     6    10   0.00000  1.0 3.0
   14    12     6    10   0.00000 -1.0 4.0
    6    12    13    15   0.00000  1.0 1.0
    6    12    13    15   2.56700 -1.0 2.0
    6    12    13    15   0.00000  1.0 3.0
    6    12    13    15   0.00000 -1.0 4.0
    6    12    13    16   0.00000  1.0 1.0
    6    12    13    16   2.56700 -1.0 2.0
    6    12    13    16   0.00000  1.0 3.0
    6    12    13    16   0.00000 -1.0 4.0
   14    12    13    15   0.00000  1.0 1.0
   14    12    13    15   2.45000 -1.0 2.0
   14    12    13    15   0.00000  1.0 3.0
   14    12    13    15   0.00000 -1.0 4.0
   14    12    13    16   0.00000  1.0 1.0
   14    12    13    16   2.45000 -1.0 2.0
   14    12    13    16   0.00000  1.0 3.0
   14    12    13    16   0.00000 -1.0 4.0
   20    18    17     7   0.00000  1.0 1.0
   20    18    17     7   1.00000 -1.0 2.0
   20    18    17     7   0.00000  1.0 3.0
   20    18    17     7   0.00000 -1.0 4.0
   20    18    17    19   0.00000  1.0 1.0
   20    18    17    19   1.00000 -1.0 2.0
   20    18    17    19   0.00000  1.0 3.0
   20    18    17    19   0.00000 -1.0 4.0
   21    18    17     7   0.00000  1.0 1.0
   21    18    17     7   1.00000 -1.0 2.0
   21    18    17     7   0.00000  1.0 3.0
   21    18    17     7   0.00000 -1.0 4.0
   21    18    17    19   0.00000  1.0 1.0
   21    18    17    19   1.00000 -1.0 2.0
   21    18    17    19   0.00000  1.0 3.0
   21    18    17    19   0.00000 -1.0 4.0
    3     1     2     5   0.00000  1.0 1.0
    3     1     2     5   3.62500 -1.0 2.0
    3     1     2     5   0.00000  1.0 3.0
    3     1     2     5   0.00000 -1.0 4.0
    3     1     2     6   0.00000  1.0 1.0
    3     1     2     6   3.62500 -1.0 2.0
    3     1     2     6   0.00000  1.0 3.0
    3     1     2     6   0.00000 -1.0 4.0
    4     1     2     5   0.00000  1.0 1.0
    4     1     2     5   3.62500 -1.0 2.0
    4     1     2     5   0.00000  1.0 3.0
    4     1     2     5   0.00000 -1.0 4.0
    4     1    -2     6   0.00000  1.0 1.0
    4     1    -2     6   3.62500 -1.0 2.0
    4     1    -2     6   0.00000  1.0 3.0
    4     1    -2     6   0.00000 -1.0 4.0
    2     1     3     8   0.00000  1.0 1.0
    2     1     3     8   3.62500 -1.0 2.0
    2     1     3     8   0.00000  1.0 3.0
    2     1     3     8   0.00000 -1.0 4.0
    2     1     3    36   0.00000  1.0 1.0
    2     1     3    36   3.62500 -1.0 2.0
    2     1     3    36   0.00000  1.0 3.0
    2     1     3    36   0.00000 -1.0 4.0
    4     1     3     8   0.00000  1.0 1.0
    4     1     3     8   3.62500 -1.0 2.0
    4     1     3     8   0.00000  1.0 3.0
    4     1     3     8   0.00000 -1.0 4.0
    4     1     3    36   0.00000  1.0 1.0
    4     1     3    36   3.62500 -1.0 2.0
    4     1     3    36   0.00000  1.0 3.0
    4     1     3    36   0.00000 -1.0 4.0
    2     1    -4    10   0.00000  1.0 1.0
    2     1    -4    10   3.62500 -1.0 2.0
    2     1    -4    10   0.00000  1.0 3.0
    2     1    -4    10   0.00000 -1.0 4.0
    3     1     4    10   0.00000  1.0 1.0
    3     1     4    10   3.62500 -1.0 2.0
    3     1     4    10   0.00000  1.0 3.0
    3     1     4    10   0.00000 -1.0 4.0
    1     2     5     7   0.00000  1.0 1.0
    1     2     5     7   3.62500 -1.0 2.0
    1     2     5     7   0.00000  1.0 3.0
    1     2     5     7   0.00000 -1.0 4.0
    6     2     5     7   0.00000  1.0 1.0
    6     2     5     7   3.62500 -1.0 2.0
    6     2     5     7   0.00000  1.0 3.0
    6     2     5     7   0.00000 -1.0 4.0
    1     2     6    12   0.00000  1.0 1.0
    1     2     6    12   3.62500 -1.0 2.0
    1     2     6    12   0.00000  1.0 3.0
    1     2     6    12   0.00000 -1.0 4.0
    1     2    -6    10   0.00000  1.0 1.0
    1     2    -6    10   3.62500 -1.0 2.0
    1     2    -6    10   0.00000  1.0 3.0
    1     2    -6    10   0.00000 -1.0 4.0
    5     2     6    12   0.00000  1.0 1.0
    5     2     6    12   3.62500 -1.0 2.0
    5     2     6    12   0.00000  1.0 3.0
    5     2     6    12   0.00000 -1.0 4.0
    5     2     6    10   0.00000  1.0 1.0
    5     2     6    10   3.62500 -1.0 2.0
    5     2     6    10   0.00000  1.0 3.0
    5     2     6    10   0.00000 -1.0 4.0
    2     5    -7     8   0.00000  1.0 1.0
    2     5    -7     8   3.62500 -1.0 2.0
    2     5    -7     8   0.00000  1.0 3.0
    2     5    -7     8   0.00000 -1.0 4.0
    2     5     7    17   0.00000  1.0 1.0
    2     5     7    17   3.62500 -1.0 2.0
    2     5     7    17   0.00000  1.0 3.0
    2     5     7    17   0.00000 -1.0 4.0
    5     7    -8     3   0.00000  1.0 1.0
    5     7    -8     3   3.62500 -1.0 2.0
    5     7    -8     3   0.00000  1.0 3.0
    5     7    -8     3   0.00000 -1.0 4.0
    5     7     8     9   0.00000  1.0 1.0
    5     7     8     9   3.62500 -1.0 2.0
    5     7     8     9   0.00000  1.0 3.0
    5     7     8     9   0.00000 -1.0 4.0
   17     7     8     3   0.00000  1.0 1.0
   17     7     8     3   3.62500 -1.0 2.0
   17     7     8     3   0.00000  1.0 3.0
   17     7     8     3   0.00000 -1.0 4.0
   17     7     8     9   0.00000  1.0 1.0
   17     7     8     9   3.62500 -1.0 2.0
   17     7     8     9   0.00000  1.0 3.0
   17     7     8     9   0.00000 -1.0 4.0
    5     7    17    18   0.00000  1.0 1.0
    5     7    17    18   1.25000 -1.0 2.0
    5     7    17    18   0.00000  1.0 3.0
    5     7    17    18   0.00000 -1.0 4.0
    5     7    17    19   0.00000  1.0 1.0
    5     7    17    19   1.75000 -1.0 2.0
    5     7    17    19   0.00000  1.0 3.0
    5     7    17    19   0.00000 -1.0 4.0
    8     7    17    18   0.00000  1.0 1.0
    8     7    17    18   1.00000 -1.0 2.0
    8     7    17    18   0.00000  1.0 3.0
    8     7    17    18   0.00000 -1.0 4.0
    8     7    17    19   0.00000  1.0 1.0
    8     7    17    19   1.00000 -1.0 2.0
    8     7    17    19   0.00000  1.0 3.0
    8     7    17    19   0.00000 -1.0 4.0
    7     8    -3     1   0.00000  1.0 1.0
    7     8    -3     1   3.62500 -1.0 2.0
    7     8    -3     1   0.00000  1.0 3.0
    7     8    -3     1   0.00000 -1.0 4.0
    7     8     3    36   0.00000  1.0 1.0
    7     8     3    36   3.62500 -1.0 2.0
    7     8     3    36   0.00000  1.0 3.0
    7     8     3    36   0.00000 -1.0 4.0
    9     8     3     1   0.00000  1.0 1.0
    9     8     3     1   3.62500 -1.0 2.0
    9     8     3     1   0.00000  1.0 3.0
    9     8     3     1   0.00000 -1.0 4.0
    9     8     3    36   0.00000  1.0 1.0
    9     8     3    36   3.62500 -1.0 2.0
    9     8     3    36   0.00000  1.0 3.0
    9     8     3    36   0.00000 -1.0 4.0
    1     3    36    37  -1.00000  1.0 1.0
    1     3    36    37   1.25000 -1.0 2.0
    1     3    36    37   0.00000  1.0 3.0
    1     3    36    37   0.00000 -1.0 4.0
    1     3    36    38   0.00000  1.0 1.0
    1     3    36    38   1.00000 -1.0 2.0
    1     3    36    38   0.00000  1.0 3.0
    1     3    36    38   0.00000 -1.0 4.0
    8     3    36    37  -1.00000  1.0 1.0
    8     3    36    37   1.25000 -1.0 2.0
    8     3    36    37   0.00000  1.0 3.0
    8     3    36    37   0.00000 -1.0 4.0
    8     3    36    38   0.00000  1.0 1.0
    8     3    36    38   1.00000 -1.0 2.0
    8     3    36    38   0.00000  1.0 3.0
    8     3    36    38   0.00000 -1.0 4.0
    1     4   -10     6   0.00000  1.0 1.0
    1     4   -10     6   3.62500 -1.0 2.0
    1     4   -10     6   0.00000  1.0 3.0
    1     4   -10     6   0.00000 -1.0 4.0
    1     4    10    11   0.00000  1.0 1.0
    1     4    10    11   3.62500 -1.0 2.0
    1     4    10    11   0.00000  1.0 3.0
    1     4    10    11   0.00000 -1.0 4.0
    4    10     6    12   0.00000  1.0 1.0
    4    10     6    12   3.62500 -1.0 2.0
    4    10     6    12   0.00000  1.0 3.0
    4    10     6    12   0.00000 -1.0 4.0
    4    10    -6     2   0.00000  1.0 1.0
    4    10    -6     2   5.37500 -1.0 2.0
    4    10    -6     2   0.00000  1.0 3.0
    4    10    -6     2   0.00000 -1.0 4.0
   11    10     6    12   0.00000  1.0 1.0
   11    10     6    12   3.62500 -1.0 2.0
   11    10     6    12   0.00000  1.0 3.0
   11    10     6    12   0.00000 -1.0 4.0
   11    10     6     2   0.00000  1.0 1.0
   11    10     6     2   5.37500 -1.0 2.0
   11    10     6     2   0.00000  1.0 3.0
   11    10     6     2   0.00000 -1.0 4.0
IPHI
    22    23    20    18   1.10000 -1.0 2.0
    18    25    21    24   1.10000 -1.0 2.0
    21    27    24    26   4.00000 -1.0 2.0
    22    32    27    24   1.10000 -1.0 2.0
     6    13    12    14  10.50000 -1.0 2.0
    21    17    18    20   4.00000 -1.0 2.0
     3     4     1     2   4.00000 -1.0 2.0
     5     6     2     1   4.00000 -1.0 2.0
     8    17     7     5   4.00000 -1.0 2.0
     3     9     8     7   1.10000 -1.0 2.0
     8    36     3     1   4.00000 -1.0 2.0
     6    11    10     4   1.10000 -1.0 2.0
     2    10     6    12   4.00000 -1.0 2.0
    19    18    17     7   1.00000 -1.0 2.0
    27    28    22    20   4.00000 -1.0 2.0
    38     3    36    37   1.00000 -1.0 2.0
    16    12    13    15   1.00000 -1.0 2.0
END